
obj/kern/kernel:     file format elf32-i386

Contents of .stab section:

Symnum n_type n_othr n_desc n_value  n_strx String

-1     HdrSym 0      1417   0000196a 1     
0      SO     0      0      f0100000 1      {standard input}
1      SOL    0      0      f010000c 18     kern/entry.S
2      SLINE  0      44     f010000c 0      
3      SLINE  0      57     f0100015 0      
4      SLINE  0      58     f010001a 0      
5      SLINE  0      60     f010001d 0      
6      SLINE  0      61     f0100020 0      
7      SLINE  0      62     f0100025 0      
8      SLINE  0      67     f0100028 0      
9      SLINE  0      68     f010002d 0      
10     SLINE  0      74     f010002f 0      
11     SLINE  0      77     f0100034 0      
12     SLINE  0      80     f0100039 0      
13     SLINE  0      83     f010003e 0      
14     SO     0      2      f0100040 31     kern/entrypgdir.c
15     OPT    0      0      00000000 49     gcc2_compiled.
16     LSYM   0      0      00000000 64     int:t(0,1)=r(0,1);-2147483648;2147483647;
17     LSYM   0      0      00000000 106    char:t(0,2)=r(0,2);0;127;
18     LSYM   0      0      00000000 132    long int:t(0,3)=r(0,3);-2147483648;2147483647;
19     LSYM   0      0      00000000 179    unsigned int:t(0,4)=r(0,4);0;4294967295;
20     LSYM   0      0      00000000 220    long unsigned int:t(0,5)=r(0,5);0;4294967295;
21     LSYM   0      0      00000000 266    __int128:t(0,6)=r(0,6);0;-1;
22     LSYM   0      0      00000000 295    __int128 unsigned:t(0,7)=r(0,7);0;-1;
23     LSYM   0      0      00000000 333    long long int:t(0,8)=r(0,8);-9223372036854775808;9223372036854775807;
24     LSYM   0      0      00000000 403    long long unsigned int:t(0,9)=r(0,9);0;-1;
25     LSYM   0      0      00000000 446    short int:t(0,10)=r(0,10);-32768;32767;
26     LSYM   0      0      00000000 486    short unsigned int:t(0,11)=r(0,11);0;65535;
27     LSYM   0      0      00000000 530    signed char:t(0,12)=r(0,12);-128;127;
28     LSYM   0      0      00000000 568    unsigned char:t(0,13)=r(0,13);0;255;
29     LSYM   0      0      00000000 605    float:t(0,14)=r(0,1);4;0;
30     LSYM   0      0      00000000 631    double:t(0,15)=r(0,1);8;0;
31     LSYM   0      0      00000000 658    long double:t(0,16)=r(0,1);12;0;
32     LSYM   0      0      00000000 691    _Float32:t(0,17)=r(0,1);4;0;
33     LSYM   0      0      00000000 720    _Float64:t(0,18)=r(0,1);8;0;
34     LSYM   0      0      00000000 749    _Float128:t(0,19)=r(0,1);16;0;
35     LSYM   0      0      00000000 780    _Float32x:t(0,20)=r(0,1);8;0;
36     LSYM   0      0      00000000 810    _Float64x:t(0,21)=r(0,1);12;0;
37     LSYM   0      0      00000000 841    void:t(0,22)=(0,22)
38     BINCL  0      0      000159c2 861    ./inc/mmu.h
39     BINCL  0      0      000060d4 873    ./inc/types.h
40     LSYM   0      0      00000000 887    bool:t(2,1)=(2,2)=eFalse:0,True:1,;
41     LSYM   0      0      00000000 923     :T(2,3)=efalse:0,true:1,;
42     LSYM   0      0      00000000 950    int8_t:t(2,4)=(0,12)
43     LSYM   0      0      00000000 971    uint8_t:t(2,5)=(0,13)
44     LSYM   0      0      00000000 993    int16_t:t(2,6)=(0,10)
45     LSYM   0      0      00000000 1015   uint16_t:t(2,7)=(0,11)
46     LSYM   0      0      00000000 1038   int32_t:t(2,8)=(0,1)
47     LSYM   0      0      00000000 1059   uint32_t:t(2,9)=(0,4)
48     LSYM   0      0      00000000 1081   int64_t:t(2,10)=(0,8)
49     LSYM   0      0      00000000 1103   uint64_t:t(2,11)=(0,9)
50     LSYM   0      0      00000000 1126   intptr_t:t(2,12)=(2,8)
51     LSYM   0      0      00000000 1149   uintptr_t:t(2,13)=(2,9)
52     LSYM   0      0      00000000 1173   physaddr_t:t(2,14)=(2,9)
53     LSYM   0      0      00000000 1198   ppn_t:t(2,15)=(2,9)
54     LSYM   0      0      00000000 1218   size_t:t(2,16)=(2,9)
55     LSYM   0      0      00000000 1239   ssize_t:t(2,17)=(2,8)
56     LSYM   0      0      00000000 1261   off_t:t(2,18)=(2,8)
57     EINCL  0      0      00000000 0      
58     LSYM   0      0      00000000 1281   Segdesc:T(1,1)=s8sd_lim_15_0:(0,4),0,16;sd_base_15_0:(0,4),16,16;sd_base_23_16:(0,4),32,8;sd_type:(0,4),40,4;sd_s:(0,4),44,1;sd_dpl:(0,4),45,2;sd_p:(0,4),47,1;sd_lim_19_16:(0,4),48,4;sd_avl:(0,4),52,1;sd_rsv1:(0,4),53,1;sd_db:(0,4),54,1;sd_g:(0,4),55,1;sd_base_31_24:(0,4),56,8;;
59     LSYM   0      0      00000000 1561   Taskstate:T(1,2)=s104ts_link:(2,9),0,32;ts_esp0:(2,13),32,32;ts_ss0:(2,7),64,16;ts_padding1:(2,7),80,16;ts_esp1:(2,13),96,32;ts_ss1:(2,7),128,16;ts_padding2:(2,7),144,16;ts_esp2:(2,13),160,32;ts_ss2:(2,7),192,16;ts_padding3:(2,7),208,16;ts_cr3:(2,14),224,32;ts_eip:(2,13),256,32;ts_eflags:(2,9),288,32;ts_eax:(2,9),320,32;ts_ecx:(2,9),352,32;ts_edx:(2,9),384,32;ts_ebx:(2,9),416,32;ts_esp:(2,13),448,32;ts_ebp:(2,13),480,32;ts_esi:(2,9),512,32;ts_edi:(2,9),544,32;ts_es:(2,7),576,16;ts_padding4:(2,7),592,16;ts_cs:(2,7),608,16;ts_padding5:(2,7),624,16;ts_ss:(2,7),640,16;ts_padding6:(2,7),656,16;ts_ds:(2,7),672,16;ts_padding7:(2,7),688,16;ts_fs:(2,7),704,16;ts_padding8:(2,7),720,16;ts_gs:(2,7),736,16;ts_padding9:(2,7),752,16;ts_ldt:(2,7),768,16;ts_padding10:(2,7),784,16;ts_t:(2,7),800,16;ts_iomb:(2,7),816,16;;
60     LSYM   0      0      00000000 2376   Gatedesc:T(1,3)=s8gd_off_15_0:(0,4),0,16;gd_sel:(0,4),16,16;gd_args:(0,4),32,5;gd_rsv1:(0,4),37,3;gd_type:(0,4),40,4;gd_s:(0,4),44,1;gd_dpl:(0,4),45,2;gd_p:(0,4),47,1;gd_off_31_16:(0,4),48,16;;
61     LSYM   0      0      00000000 2570   Pseudodesc:T(1,4)=s6pd_lim:(2,7),0,16;pd_base:(2,9),16,32;;
62     EINCL  0      0      00000000 0      
63     BINCL  0      0      000008c7 2630   ./inc/memlayout.h
64     LSYM   0      0      00000000 2648   pte_t:t(3,1)=(2,9)
65     LSYM   0      0      00000000 2667   pde_t:t(3,2)=(2,9)
66     EINCL  0      0      00000000 0      
67     GSYM   0      0      00000000 2686   entry_pgdir:G(0,23)=ar(0,24)=r(0,24);0;4294967295;;0;1023;(3,2)
68     GSYM   0      0      00000000 2750   entry_pgtable:G(0,25)=ar(0,24);0;1023;(3,1)
69     SO     0      0      f0100040 0      
70     SO     0      2      f0100040 2794   kern/init.c
71     OPT    0      0      00000000 49     gcc2_compiled.
72     LSYM   0      0      00000000 64     int:t(0,1)=r(0,1);-2147483648;2147483647;
73     LSYM   0      0      00000000 106    char:t(0,2)=r(0,2);0;127;
74     LSYM   0      0      00000000 132    long int:t(0,3)=r(0,3);-2147483648;2147483647;
75     LSYM   0      0      00000000 179    unsigned int:t(0,4)=r(0,4);0;4294967295;
76     LSYM   0      0      00000000 220    long unsigned int:t(0,5)=r(0,5);0;4294967295;
77     LSYM   0      0      00000000 266    __int128:t(0,6)=r(0,6);0;-1;
78     LSYM   0      0      00000000 295    __int128 unsigned:t(0,7)=r(0,7);0;-1;
79     LSYM   0      0      00000000 333    long long int:t(0,8)=r(0,8);-9223372036854775808;9223372036854775807;
80     LSYM   0      0      00000000 403    long long unsigned int:t(0,9)=r(0,9);0;-1;
81     LSYM   0      0      00000000 446    short int:t(0,10)=r(0,10);-32768;32767;
82     LSYM   0      0      00000000 486    short unsigned int:t(0,11)=r(0,11);0;65535;
83     LSYM   0      0      00000000 530    signed char:t(0,12)=r(0,12);-128;127;
84     LSYM   0      0      00000000 568    unsigned char:t(0,13)=r(0,13);0;255;
85     LSYM   0      0      00000000 605    float:t(0,14)=r(0,1);4;0;
86     LSYM   0      0      00000000 631    double:t(0,15)=r(0,1);8;0;
87     LSYM   0      0      00000000 658    long double:t(0,16)=r(0,1);12;0;
88     LSYM   0      0      00000000 691    _Float32:t(0,17)=r(0,1);4;0;
89     LSYM   0      0      00000000 720    _Float64:t(0,18)=r(0,1);8;0;
90     LSYM   0      0      00000000 749    _Float128:t(0,19)=r(0,1);16;0;
91     LSYM   0      0      00000000 780    _Float32x:t(0,20)=r(0,1);8;0;
92     LSYM   0      0      00000000 810    _Float64x:t(0,21)=r(0,1);12;0;
93     LSYM   0      0      00000000 841    void:t(0,22)=(0,22)
94     BINCL  0      0      00000000 2806   ./inc/stdio.h
95     BINCL  0      0      00000650 2820   ./inc/stdarg.h
96     LSYM   0      0      00000000 2835   va_list:t(2,1)=(2,2)=*(0,2)
97     EINCL  0      0      00000000 0      
98     EINCL  0      0      00000000 0      
99     BINCL  0      0      00000000 2863   ./inc/string.h
100    EXCL   0      0      000060d4 873    ./inc/types.h
101    EINCL  0      0      00000000 0      
102    FUN    0      0      f0100040 2878   test_backtrace:F(0,22)
103    PSYM   0      0      00000008 2901   x:p(0,1)
104    SLINE  0      13     00000000 0      
105    SLINE  0      14     0000000a 0      
106    SLINE  0      15     00000015 0      
107    SLINE  0      16     0000001c 0      
108    SLINE  0      19     0000002b 0      
109    SLINE  0      20     00000039 0      
110    SLINE  0      18     00000041 0      
111    RSYM   0      0      00000003 2910   x:r(0,1)
112    FUN    0      0      f0100094 2919   i386_init:F(0,22)
113    SLINE  0      24     00000000 0      
114    SLINE  0      30     00000006 0      
115    SLINE  0      30     00000010 0      
116    SLINE  0      34     0000001d 0      
117    SLINE  0      36     00000022 0      
118    SLINE  0      38     00000034 0      
119    SLINE  0      39     0000003b 0      
120    SLINE  0      40     00000051 0      
121    SLINE  0      43     00000060 0      
122    SLINE  0      47     0000006f 0      
123    LSYM   0      0      fffffff4 2937   i:(0,4)
124    LBRAC  0      0      00000000 0      
125    RBRAC  0      0      0000007e 0      
126    FUN    0      0      f0100112 2945   _panic:F(0,22)
127    PSYM   0      0      00000008 2960   file:p(0,23)=*(0,2)
128    PSYM   0      0      0000000c 2980   line:p(0,1)
129    PSYM   0      0      00000010 2992   fmt:p(0,23)
130    SLINE  0      63     00000000 0      
131    SLINE  0      66     00000008 0      
132    SLINE  0      82     00000011 0      
133    SLINE  0      68     00000020 0      
134    SLINE  0      71     00000026 0      
135    SLINE  0      73     00000028 0      
136    SLINE  0      74     0000002b 0      
137    SLINE  0      75     0000003e 0      
138    SLINE  0      76     00000048 0      
139    RSYM   0      0      00000006 3004   fmt:r(0,23)
140    FUN    0      0      f010016b 3016   _warn:F(0,22)
141    PSYM   0      0      00000008 3030   file:p(0,23)
142    PSYM   0      0      0000000c 2980   line:p(0,1)
143    PSYM   0      0      00000010 2992   fmt:p(0,23)
144    SLINE  0      88     00000000 0      
145    SLINE  0      91     00000007 0      
146    SLINE  0      92     0000000a 0      
147    SLINE  0      93     0000001a 0      
148    SLINE  0      94     00000026 0      
149    SLINE  0      96     00000032 0      
150    GSYM   0      0      00000000 3043   panicstr:G(0,23)
151    SO     0      0      f01001a5 0      
152    SO     0      2      f01001a5 3060   kern/console.c
153    OPT    0      0      00000000 49     gcc2_compiled.
154    LSYM   0      0      00000000 64     int:t(0,1)=r(0,1);-2147483648;2147483647;
155    LSYM   0      0      00000000 106    char:t(0,2)=r(0,2);0;127;
156    LSYM   0      0      00000000 132    long int:t(0,3)=r(0,3);-2147483648;2147483647;
157    LSYM   0      0      00000000 179    unsigned int:t(0,4)=r(0,4);0;4294967295;
158    LSYM   0      0      00000000 220    long unsigned int:t(0,5)=r(0,5);0;4294967295;
159    LSYM   0      0      00000000 266    __int128:t(0,6)=r(0,6);0;-1;
160    LSYM   0      0      00000000 295    __int128 unsigned:t(0,7)=r(0,7);0;-1;
161    LSYM   0      0      00000000 333    long long int:t(0,8)=r(0,8);-9223372036854775808;9223372036854775807;
162    LSYM   0      0      00000000 403    long long unsigned int:t(0,9)=r(0,9);0;-1;
163    LSYM   0      0      00000000 446    short int:t(0,10)=r(0,10);-32768;32767;
164    LSYM   0      0      00000000 486    short unsigned int:t(0,11)=r(0,11);0;65535;
165    LSYM   0      0      00000000 530    signed char:t(0,12)=r(0,12);-128;127;
166    LSYM   0      0      00000000 568    unsigned char:t(0,13)=r(0,13);0;255;
167    LSYM   0      0      00000000 605    float:t(0,14)=r(0,1);4;0;
168    LSYM   0      0      00000000 631    double:t(0,15)=r(0,1);8;0;
169    LSYM   0      0      00000000 658    long double:t(0,16)=r(0,1);12;0;
170    LSYM   0      0      00000000 691    _Float32:t(0,17)=r(0,1);4;0;
171    LSYM   0      0      00000000 720    _Float64:t(0,18)=r(0,1);8;0;
172    LSYM   0      0      00000000 749    _Float128:t(0,19)=r(0,1);16;0;
173    LSYM   0      0      00000000 780    _Float32x:t(0,20)=r(0,1);8;0;
174    LSYM   0      0      00000000 810    _Float64x:t(0,21)=r(0,1);12;0;
175    LSYM   0      0      00000000 841    void:t(0,22)=(0,22)
176    BINCL  0      0      00000000 3075   ./inc/x86.h
177    EXCL   0      0      000060d4 873    ./inc/types.h
178    EINCL  0      0      00000000 0      
179    EXCL   0      0      000008c7 2630   ./inc/memlayout.h
180    EXCL   0      0      000159c2 861    ./inc/mmu.h
181    BINCL  0      0      00000000 3087   ./inc/assert.h
182    EXCL   0      0      00000000 2806   ./inc/stdio.h
183    EXCL   0      0      00000650 2820   ./inc/stdarg.h
184    EINCL  0      0      00000000 0      
185    FUN    0      0      f01001a5 3102   serial_proc_data:f(0,1)
186    SLINE  0      52     00000000 0      
187    SOL    0      0      f01001a5 3075   ./inc/x86.h
188    SLINE  0      16     00000000 0      
189    SOL    0      0      f01001ab 3060   kern/console.c
190    SLINE  0      53     00000006 0      
191    SOL    0      0      f01001af 3075   ./inc/x86.h
192    SLINE  0      16     0000000a 0      
193    SOL    0      0      f01001b5 3060   kern/console.c
194    SLINE  0      55     00000010 0      
195    SLINE  0      54     00000014 0      
196    SLINE  0      56     00000019 0      
197    FUN    0      0      f01001bf 3126   cons_intr:f(0,22)
198    RSYM   0      0      00000003 3144   proc:P(0,23)=*(0,24)=f(0,1)
199    SLINE  0      397    00000000 0      
200    SLINE  0      400    00000009 0      
201    SLINE  0      400    0000000b 0      
202    SLINE  0      401    00000010 0      
203    SLINE  0      403    00000014 0      
204    SLINE  0      403    0000001a 0      
205    SLINE  0      403    0000001d 0      
206    SLINE  0      404    00000023 0      
207    SLINE  0      405    00000029 0      
208    SLINE  0      407    00000039 0      
209    RSYM   0      0      00000000 3172   c:r(0,1)
210    LBRAC  0      0      00000000 0      
211    RBRAC  0      0      0000003f 0      
212    FUN    0      0      f01001fe 3181   kbd_proc_data:f(0,1)
213    SLINE  0      317    00000000 0      
214    SOL    0      0      f0100205 3075   ./inc/x86.h
215    SLINE  0      16     00000007 0      
216    SOL    0      0      f010020b 3060   kern/console.c
217    SLINE  0      323    0000000d 0      
218    SLINE  0      326    00000015 0      
219    SOL    0      0      f010021b 3075   ./inc/x86.h
220    SLINE  0      16     0000001d 0      
221    SOL    0      0      f0100223 3060   kern/console.c
222    SLINE  0      331    00000025 0      
223    SLINE  0      335    00000029 0      
224    SLINE  0      340    0000002d 0      
225    SLINE  0      340    00000033 0      
226    SLINE  0      342    00000038 0      
227    SLINE  0      343    0000003d 0      
228    SLINE  0      346    00000046 0      
229    SLINE  0      346    00000050 0      
230    SLINE  0      347    00000056 0      
231    SLINE  0      347    0000005d 0      
232    SLINE  0      349    00000064 0      
233    SLINE  0      349    00000069 0      
234    SLINE  0      349    00000074 0      
235    SLINE  0      350    00000077 0      
236    SLINE  0      351    0000007b 0      
237    SLINE  0      351    00000080 0      
238    SLINE  0      352    00000085 0      
239    SLINE  0      333    0000008a 0      
240    SLINE  0      334    00000091 0      
241    SLINE  0      365    00000096 0      
242    SLINE  0      337    0000009d 0      
243    SLINE  0      337    000000a3 0      
244    SLINE  0      338    000000b0 0      
245    SLINE  0      338    000000b3 0      
246    SLINE  0      338    000000c0 0      
247    SLINE  0      338    000000c2 0      
248    SLINE  0      339    000000c9 0      
249    SLINE  0      353    000000d0 0      
250    SLINE  0      354    000000d3 0      
251    SLINE  0      359    000000dc 0      
252    SLINE  0      359    000000de 0      
253    SLINE  0      360    000000ea 0      
254    SOL    0      0      f01002f5 3075   ./inc/x86.h
255    SLINE  0      66     000000f7 0      
256    SLINE  0      67     00000102 0      
257    SOL    0      0      f0100305 3060   kern/console.c
258    SLINE  0      324    00000107 0      
259    SLINE  0      327    0000010e 0      
260    RSYM   0      0      00000003 3172   c:r(0,1)
261    RSYM   0      0      00000002 3202   data:r(2,5)
262    LCSYM  0      0      f0112300 3214   shift:V(2,9)
263    LBRAC  0      0      00000000 0      
264    RSYM   0      0      00000002 3202   data:r(2,5)
265    LBRAC  0      0      0000001d 0      
266    RBRAC  0      0      00000025 0      
267    RBRAC  0      0      00000115 0      
268    FUN    0      0      f0100313 3227   cons_putc:f(0,22)
269    RSYM   0      0      00000001 3245   c:P(0,1)
270    SLINE  0      434    00000000 0      
271    SLINE  0      70     0000000b 0      
272    SOL    0      0      f0100323 3075   ./inc/x86.h
273    SLINE  0      16     00000010 0      
274    SOL    0      0      f0100330 3060   kern/console.c
275    SLINE  0      71     0000001d 0      
276    SOL    0      0      f010033c 3075   ./inc/x86.h
277    SLINE  0      16     00000029 0      
278    SOL    0      0      f0100342 3060   kern/console.c
279    SLINE  0      72     0000002f 0      
280    SLINE  0      75     00000034 0      
281    SOL    0      0      f010034a 3075   ./inc/x86.h
282    SLINE  0      66     00000037 0      
283    SOL    0      0      f0100352 3060   kern/console.c
284    SLINE  0      116    0000003f 0      
285    SOL    0      0      f0100357 3075   ./inc/x86.h
286    SLINE  0      16     00000044 0      
287    SOL    0      0      f0100364 3060   kern/console.c
288    SLINE  0      116    00000051 0      
289    SOL    0      0      f0100370 3075   ./inc/x86.h
290    SLINE  0      16     0000005d 0      
291    SOL    0      0      f0100376 3060   kern/console.c
292    SLINE  0      116    00000063 0      
293    SOL    0      0      f010037b 3075   ./inc/x86.h
294    SLINE  0      66     00000068 0      
295    SOL    0      0      f0100396 3060   kern/console.c
296    SLINE  0      167    00000083 0      
297    SLINE  0      169    00000091 0      
298    SLINE  0      169    00000094 0      
299    SLINE  0      183    000000b4 0      
300    SLINE  0      184    000000be 0      
301    SLINE  0      185    000000c8 0      
302    SLINE  0      186    000000d2 0      
303    SLINE  0      187    000000dc 0      
304    SLINE  0      188    000000e6 0      
305    SLINE  0      169    000000e8 0      
306    SLINE  0      180    000000f1 0      
307    SLINE  0      195    0000010d 0      
308    SLINE  0      205    0000011c 0      
309    SOL    0      0      f0100435 3075   ./inc/x86.h
310    SLINE  0      66     00000122 0      
311    SOL    0      0      f010043d 3060   kern/console.c
312    SLINE  0      206    0000012a 0      
313    SLINE  0      206    00000131 0      
314    SLINE  0      206    00000134 0      
315    SOL    0      0      f010044d 3075   ./inc/x86.h
316    SLINE  0      66     0000013a 0      
317    SOL    0      0      f010045d 3060   kern/console.c
318    SLINE  0      438    0000014a 0      
319    SLINE  0      171    00000152 0      
320    SLINE  0      171    00000159 0      
321    SLINE  0      172    0000015e 0      
322    SLINE  0      173    00000167 0      
323    SLINE  0      173    0000016a 0      
324    SLINE  0      173    0000016c 0      
325    SLINE  0      177    0000017a 0      
326    SLINE  0      190    00000187 0      
327    SLINE  0      190    0000019b 0      
328    SLINE  0      191    000001a5 0      
329    SLINE  0      198    000001aa 0      
330    SLINE  0      198    000001b7 0      
331    SLINE  0      198    000001bd 0      
332    SLINE  0      200    000001c4 0      
333    SLINE  0      200    000001d9 0      
334    SLINE  0      199    000001e1 0      
335    SLINE  0      201    000001e5 0      
336    RSYM   0      0      00000006 3254   i:r(0,1)
337    LBRAC  0      0      0000000b 0      
338    RBRAC  0      0      0000003f 0      
339    RSYM   0      0      00000006 3254   i:r(0,1)
340    LBRAC  0      0      0000003f 0      
341    RBRAC  0      0      00000083 0      
342    RSYM   0      0      00000001 3172   c:r(0,1)
343    LBRAC  0      0      00000083 0      
344    RBRAC  0      0      0000014a 0      
345    RSYM   0      0      00000001 3172   c:r(0,1)
346    LBRAC  0      0      00000152 0      
347    RBRAC  0      0      000001f2 0      
348    FUN    0      0      f0100505 3263   serial_intr:F(0,22)
349    SLINE  0      60     00000000 0      
350    SLINE  0      61     00000000 0      
351    SLINE  0      60     0000000a 0      
352    SLINE  0      62     00000010 0      
353    SLINE  0      63     0000001a 0      
354    FUN    0      0      f0100521 3283   kbd_intr:F(0,22)
355    SLINE  0      369    00000000 0      
356    SLINE  0      370    00000006 0      
357    SLINE  0      371    00000010 0      
358    FUN    0      0      f0100533 3300   cons_getc:F(0,1)
359    SLINE  0      412    00000000 0      
360    SLINE  0      418    00000006 0      
361    SLINE  0      419    0000000b 0      
362    SLINE  0      422    00000010 0      
363    SLINE  0      428    00000015 0      
364    SLINE  0      422    0000001a 0      
365    SLINE  0      423    00000022 0      
366    SLINE  0      423    00000025 0      
367    SLINE  0      425    0000002c 0      
368    SLINE  0      429    0000003e 0      
369    RSYM   0      0      00000002 3172   c:r(0,1)
370    LBRAC  0      0      00000000 0      
371    RBRAC  0      0      00000042 0      
372    FUN    0      0      f0100575 3317   cons_init:F(0,22)
373    SLINE  0      443    00000000 0      
374    SLINE  0      140    00000009 0      
375    SLINE  0      141    00000010 0      
376    SLINE  0      142    00000019 0      
377    SLINE  0      142    00000020 0      
378    SLINE  0      144    0000002a 0      
379    SLINE  0      143    00000034 0      
380    SLINE  0      151    00000039 0      
381    SOL    0      0      f01005b4 3075   ./inc/x86.h
382    SLINE  0      66     0000003f 0      
383    SOL    0      0      f01005bc 3060   kern/console.c
384    SLINE  0      152    00000047 0      
385    SOL    0      0      f01005bf 3075   ./inc/x86.h
386    SLINE  0      16     0000004a 0      
387    SOL    0      0      f01005c2 3060   kern/console.c
388    SLINE  0      152    0000004d 0      
389    SLINE  0      152    00000050 0      
390    SOL    0      0      f01005ca 3075   ./inc/x86.h
391    SLINE  0      66     00000055 0      
392    SLINE  0      16     0000005d 0      
393    SOL    0      0      f01005d5 3060   kern/console.c
394    SLINE  0      156    00000060 0      
395    SLINE  0      154    00000066 0      
396    SLINE  0      154    00000069 0      
397    SLINE  0      157    0000006b 0      
398    SOL    0      0      f01005e6 3075   ./inc/x86.h
399    SLINE  0      66     00000071 0      
400    SLINE  0      16     000000ba 0      
401    SOL    0      0      f0100637 3060   kern/console.c
402    SLINE  0      99     000000c2 0      
403    SLINE  0      99     000000c4 0      
404    SOL    0      0      f0100640 3075   ./inc/x86.h
405    SLINE  0      16     000000cb 0      
406    SOL    0      0      f0100649 3060   kern/console.c
407    SLINE  0      448    000000d4 0      
408    SLINE  0      450    000000d9 0      
409    SLINE  0      146    000000e1 0      
410    SLINE  0      147    000000e8 0      
411    SLINE  0      139    000000f2 0      
412    SLINE  0      449    000000fc 0      
413    SLINE  0      450    0000010c 0      
414    RSYM   0      0      00000006 3335   cp:r(0,25)=*(2,7)
415    RSYM   0      0      00000002 3353   was:r(2,7)
416    LBRAC  0      0      00000009 0      
417    RBRAC  0      0      00000071 0      
418    RSYM   0      0      00000006 3364   cp:r(0,25)
419    RSYM   0      0      00000002 3353   was:r(2,7)
420    LBRAC  0      0      000000e1 0      
421    RBRAC  0      0      000000fc 0      
422    FUN    0      0      f0100683 3375   cputchar:F(0,22)
423    PSYM   0      0      00000008 3392   c:p(0,1)
424    SLINE  0      457    00000000 0      
425    SLINE  0      458    00000006 0      
426    SLINE  0      459    0000000e 0      
427    FUN    0      0      f0100693 3401   getchar:F(0,1)
428    SLINE  0      463    00000000 0      
429    SLINE  0      466    00000006 0      
430    SLINE  0      466    0000000b 0      
431    SLINE  0      469    0000000f 0      
432    RSYM   0      0      00000000 3172   c:r(0,1)
433    LBRAC  0      0      00000000 0      
434    RBRAC  0      0      00000011 0      
435    FUN    0      0      f01006a4 3416   iscons:F(0,1)
436    PSYM   0      0      00000008 3430   fdnum:p(0,1)
437    SLINE  0      473    00000000 0      
438    SLINE  0      476    00000000 0      
439    LCSYM  0      0      f0112300 3214   shift:V(2,9)
440    LCSYM  0      0      f0112320 3443   cons:S(0,26)=s520buf:(0,27)=ar(0,28)=r(0,28);0;4294967295;;0;511;(2,5),0,4096;rpos:(2,9),4096,32;wpos:(2,9),4128,32;;
441    STSYM  0      0      f01019a0 3561   charcode:S(0,29)=ar(0,28);0;3;(0,30)=*(2,5)
442    STSYM  0      0      f0112000 3605   ctlmap:S(0,31)=ar(0,28);0;255;(2,5)
443    STSYM  0      0      f0112100 3641   shiftmap:S(0,31)
444    STSYM  0      0      f0112200 3658   normalmap:S(0,31)
445    STSYM  0      0      f01019c0 3676   togglecode:S(0,31)
446    STSYM  0      0      f0101ac0 3695   shiftcode:S(0,31)
447    LCSYM  0      0      f0112528 3713   crt_pos:S(2,7)
448    LCSYM  0      0      f011252c 3728   crt_buf:S(0,32)=*(2,7)
449    LCSYM  0      0      f0112530 3751   addr_6845:S(0,4)
450    LCSYM  0      0      f0112534 3768   serial_exists:S(2,1)
451    SO     0      0      f01006aa 0      
452    SO     0      2      f01006aa 3789   kern/monitor.c
453    OPT    0      0      00000000 49     gcc2_compiled.
454    LSYM   0      0      00000000 64     int:t(0,1)=r(0,1);-2147483648;2147483647;
455    LSYM   0      0      00000000 106    char:t(0,2)=r(0,2);0;127;
456    LSYM   0      0      00000000 132    long int:t(0,3)=r(0,3);-2147483648;2147483647;
457    LSYM   0      0      00000000 179    unsigned int:t(0,4)=r(0,4);0;4294967295;
458    LSYM   0      0      00000000 220    long unsigned int:t(0,5)=r(0,5);0;4294967295;
459    LSYM   0      0      00000000 266    __int128:t(0,6)=r(0,6);0;-1;
460    LSYM   0      0      00000000 295    __int128 unsigned:t(0,7)=r(0,7);0;-1;
461    LSYM   0      0      00000000 333    long long int:t(0,8)=r(0,8);-9223372036854775808;9223372036854775807;
462    LSYM   0      0      00000000 403    long long unsigned int:t(0,9)=r(0,9);0;-1;
463    LSYM   0      0      00000000 446    short int:t(0,10)=r(0,10);-32768;32767;
464    LSYM   0      0      00000000 486    short unsigned int:t(0,11)=r(0,11);0;65535;
465    LSYM   0      0      00000000 530    signed char:t(0,12)=r(0,12);-128;127;
466    LSYM   0      0      00000000 568    unsigned char:t(0,13)=r(0,13);0;255;
467    LSYM   0      0      00000000 605    float:t(0,14)=r(0,1);4;0;
468    LSYM   0      0      00000000 631    double:t(0,15)=r(0,1);8;0;
469    LSYM   0      0      00000000 658    long double:t(0,16)=r(0,1);12;0;
470    LSYM   0      0      00000000 691    _Float32:t(0,17)=r(0,1);4;0;
471    LSYM   0      0      00000000 720    _Float64:t(0,18)=r(0,1);8;0;
472    LSYM   0      0      00000000 749    _Float128:t(0,19)=r(0,1);16;0;
473    LSYM   0      0      00000000 780    _Float32x:t(0,20)=r(0,1);8;0;
474    LSYM   0      0      00000000 810    _Float64x:t(0,21)=r(0,1);12;0;
475    LSYM   0      0      00000000 841    void:t(0,22)=(0,22)
476    EXCL   0      0      00000000 2806   ./inc/stdio.h
477    EXCL   0      0      00000650 2820   ./inc/stdarg.h
478    EXCL   0      0      00000000 2863   ./inc/string.h
479    EXCL   0      0      000060d4 873    ./inc/types.h
480    EXCL   0      0      000008c7 2630   ./inc/memlayout.h
481    EXCL   0      0      000159c2 861    ./inc/mmu.h
482    BINCL  0      0      0000300f 3804   ./kern/kdebug.h
483    LSYM   0      0      00000000 3820   Eipdebuginfo:T(7,1)=s24eip_file:(7,2)=*(0,2),0,32;eip_line:(0,1),32,32;eip_fn_name:(7,2),64,32;eip_fn_namelen:(0,1),96,32;eip_fn_addr:(4,13),128,32;eip_fn_narg:(0,1),160,32;;
484    EINCL  0      0      00000000 0      
485    LSYM   0      0      00000000 3995   Command:T(0,23)=s12name:(7,2),0,32;desc:(7,2),32,32;func:(0,24)=*(0,25)=f(0,1),64,32;;
486    FUN    0      0      f01006aa 4082   mon_help:F(0,1)
487    PSYM   0      0      00000008 4098   argc:p(0,1)
488    PSYM   0      0      0000000c 4110   argv:p(0,26)=*(2,2)
489    PSYM   0      0      00000010 4130   tf:p(0,27)=*(0,28)=xsTrapframe:
490    SLINE  0      34     00000000 0      
491    SLINE  0      38     00000006 0      
492    SLINE  0      40     00000048 0      
493    FUN    0      0      f01006f9 4162   mon_kerninfo:F(0,1)
494    PSYM   0      0      00000008 4098   argc:p(0,1)
495    PSYM   0      0      0000000c 4182   argv:p(0,26)
496    PSYM   0      0      00000010 4195   tf:p(0,27)
497    SLINE  0      44     00000000 0      
498    SLINE  0      47     00000006 0      
499    SLINE  0      48     00000010 0      
500    SLINE  0      49     00000022 0      
501    SLINE  0      50     00000039 0      
502    SLINE  0      51     00000050 0      
503    SLINE  0      52     00000067 0      
504    SLINE  0      53     0000007e 0      
505    SLINE  0      54     00000081 0      
506    SLINE  0      53     0000008b 0      
507    SLINE  0      56     00000099 0      
508    FUN    0      0      f0100799 4206   mon_backtrace:F(0,1)
509    PSYM   0      0      00000008 4098   argc:p(0,1)
510    PSYM   0      0      0000000c 4182   argv:p(0,26)
511    PSYM   0      0      00000010 4195   tf:p(0,27)
512    SLINE  0      60     00000000 0      
513    SOL    0      0      f01007a0 3075   ./inc/x86.h
514    SLINE  0      214    00000007 0      
515    SOL    0      0      f01007a4 3789   kern/monitor.c
516    SLINE  0      66     0000000b 0      
517    SLINE  0      68     00000020 0      
518    SLINE  0      68     0000002b 0      
519    SLINE  0      69     00000033 0      
520    SLINE  0      71     00000050 0      
521    SLINE  0      75     00000057 0      
522    RSYM   0      0      00000003 4227   _ebp:r(4,9)
523    LBRAC  0      0      00000000 0      
524    RSYM   0      0      00000003 4239   ebp:r(4,9)
525    LBRAC  0      0      00000007 0      
526    RBRAC  0      0      0000000b 0      
527    RBRAC  0      0      00000061 0      
528    FUN    0      0      f01007fa 4250   monitor:F(0,22)
529    PSYM   0      0      00000008 4195   tf:p(0,27)
530    SLINE  0      125    00000000 0      
531    SLINE  0      128    00000009 0      
532    SLINE  0      129    00000013 0      
533    SLINE  0      96     00000027 0      
534    SLINE  0      96     00000038 0      
535    SLINE  0      97     0000003f 0      
536    SLINE  0      97     00000044 0      
537    SLINE  0      96     00000049 0      
538    SLINE  0      96     0000004c 0      
539    SLINE  0      110    00000050 0      
540    SLINE  0      113    00000058 0      
541    SLINE  0      115    00000060 0      
542    SLINE  0      116    00000065 0      
543    SLINE  0      116    0000007a 0      
544    SLINE  0      115    00000085 0      
545    SLINE  0      115    00000088 0      
546    SLINE  0      119    0000008d 0      
547    SLINE  0      120    0000009d 0      
548    SLINE  0      98     000000a2 0      
549    SLINE  0      102    000000a7 0      
550    SLINE  0      106    000000ac 0      
551    SLINE  0      106    000000af 0      
552    SLINE  0      107    000000b3 0      
553    SLINE  0      107    000000b6 0      
554    SLINE  0      107    000000ba 0      
555    SLINE  0      107    000000cb 0      
556    SLINE  0      108    000000d6 0      
557    SLINE  0      103    000000db 0      
558    SLINE  0      104    000000ea 0      
559    SLINE  0      133    000000ed 0      
560    SLINE  0      134    000000fc 0      
561    SLINE  0      93     00000103 0      
562    SLINE  0      92     0000010a 0      
563    SLINE  0      117    00000114 0      
564    SLINE  0      117    00000117 0      
565    SLINE  0      117    0000011a 0      
566    SLINE  0      135    00000129 0      
567    SLINE  0      138    00000130 0      
568    RSYM   0      0      00000003 4266   buf:r(2,2)
569    LBRAC  0      0      00000000 0      
570    LSYM   0      0      ffffffb8 4277   argv:(0,29)=ar(0,30)=r(0,30);0;4294967295;;0;15;(2,2)
571    RSYM   0      0      00000003 3254   i:r(0,1)
572    LBRAC  0      0      00000027 0      
573    RBRAC  0      0      000000ed 0      
574    LSYM   0      0      ffffffb8 4331   argv:(0,29)
575    RSYM   0      0      00000003 3254   i:r(0,1)
576    LBRAC  0      0      00000103 0      
577    RBRAC  0      0      00000129 0      
578    RBRAC  0      0      00000138 0      
579    STSYM  0      0      f0101e40 4343   commands:S(0,31)=ar(0,30);0;2;(0,23)
580    SO     0      0      f0100932 0      
581    SO     0      2      f0100932 4380   kern/printf.c
582    OPT    0      0      00000000 49     gcc2_compiled.
583    LSYM   0      0      00000000 64     int:t(0,1)=r(0,1);-2147483648;2147483647;
584    LSYM   0      0      00000000 106    char:t(0,2)=r(0,2);0;127;
585    LSYM   0      0      00000000 132    long int:t(0,3)=r(0,3);-2147483648;2147483647;
586    LSYM   0      0      00000000 179    unsigned int:t(0,4)=r(0,4);0;4294967295;
587    LSYM   0      0      00000000 220    long unsigned int:t(0,5)=r(0,5);0;4294967295;
588    LSYM   0      0      00000000 266    __int128:t(0,6)=r(0,6);0;-1;
589    LSYM   0      0      00000000 295    __int128 unsigned:t(0,7)=r(0,7);0;-1;
590    LSYM   0      0      00000000 333    long long int:t(0,8)=r(0,8);-9223372036854775808;9223372036854775807;
591    LSYM   0      0      00000000 403    long long unsigned int:t(0,9)=r(0,9);0;-1;
592    LSYM   0      0      00000000 446    short int:t(0,10)=r(0,10);-32768;32767;
593    LSYM   0      0      00000000 486    short unsigned int:t(0,11)=r(0,11);0;65535;
594    LSYM   0      0      00000000 530    signed char:t(0,12)=r(0,12);-128;127;
595    LSYM   0      0      00000000 568    unsigned char:t(0,13)=r(0,13);0;255;
596    LSYM   0      0      00000000 605    float:t(0,14)=r(0,1);4;0;
597    LSYM   0      0      00000000 631    double:t(0,15)=r(0,1);8;0;
598    LSYM   0      0      00000000 658    long double:t(0,16)=r(0,1);12;0;
599    LSYM   0      0      00000000 691    _Float32:t(0,17)=r(0,1);4;0;
600    LSYM   0      0      00000000 720    _Float64:t(0,18)=r(0,1);8;0;
601    LSYM   0      0      00000000 749    _Float128:t(0,19)=r(0,1);16;0;
602    LSYM   0      0      00000000 780    _Float32x:t(0,20)=r(0,1);8;0;
603    LSYM   0      0      00000000 810    _Float64x:t(0,21)=r(0,1);12;0;
604    LSYM   0      0      00000000 841    void:t(0,22)=(0,22)
605    EXCL   0      0      000060d4 873    ./inc/types.h
606    EXCL   0      0      00000000 2806   ./inc/stdio.h
607    EXCL   0      0      00000650 2820   ./inc/stdarg.h
608    FUN    0      0      f0100932 4394   putch:f(0,22)
609    PSYM   0      0      00000008 4408   ch:p(0,1)
610    PSYM   0      0      0000000c 4418   cnt:p(0,23)=*(0,1)
611    SLINE  0      11     00000000 0      
612    SLINE  0      12     00000006 0      
613    SLINE  0      14     0000000e 0      
614    FUN    0      0      f0100945 4437   vcprintf:F(0,1)
615    PSYM   0      0      00000008 4453   fmt:p(0,24)=*(0,2)
616    PSYM   0      0      0000000c 4472   ap:p(3,1)
617    SLINE  0      18     00000000 0      
618    SLINE  0      19     00000006 0      
619    SLINE  0      21     0000000d 0      
620    SLINE  0      23     00000021 0      
621    LSYM   0      0      fffffff4 4482   cnt:(0,1)
622    LBRAC  0      0      00000000 0      
623    RBRAC  0      0      00000026 0      
624    FUN    0      0      f010096b 4492   cprintf:F(0,1)
625    PSYM   0      0      00000008 4507   fmt:p(0,24)
626    SLINE  0      27     00000000 0      
627    SLINE  0      31     00000006 0      
628    SLINE  0      32     00000009 0      
629    SLINE  0      36     00000012 0      
630    RSYM   0      0      00000000 4519   cnt:r(0,1)
631    LBRAC  0      0      00000000 0      
632    RBRAC  0      0      00000014 0      
633    SO     0      0      f010097f 0      
634    SO     0      2      f010097f 4530   kern/kdebug.c
635    OPT    0      0      00000000 49     gcc2_compiled.
636    LSYM   0      0      00000000 64     int:t(0,1)=r(0,1);-2147483648;2147483647;
637    LSYM   0      0      00000000 106    char:t(0,2)=r(0,2);0;127;
638    LSYM   0      0      00000000 132    long int:t(0,3)=r(0,3);-2147483648;2147483647;
639    LSYM   0      0      00000000 179    unsigned int:t(0,4)=r(0,4);0;4294967295;
640    LSYM   0      0      00000000 220    long unsigned int:t(0,5)=r(0,5);0;4294967295;
641    LSYM   0      0      00000000 266    __int128:t(0,6)=r(0,6);0;-1;
642    LSYM   0      0      00000000 295    __int128 unsigned:t(0,7)=r(0,7);0;-1;
643    LSYM   0      0      00000000 333    long long int:t(0,8)=r(0,8);-9223372036854775808;9223372036854775807;
644    LSYM   0      0      00000000 403    long long unsigned int:t(0,9)=r(0,9);0;-1;
645    LSYM   0      0      00000000 446    short int:t(0,10)=r(0,10);-32768;32767;
646    LSYM   0      0      00000000 486    short unsigned int:t(0,11)=r(0,11);0;65535;
647    LSYM   0      0      00000000 530    signed char:t(0,12)=r(0,12);-128;127;
648    LSYM   0      0      00000000 568    unsigned char:t(0,13)=r(0,13);0;255;
649    LSYM   0      0      00000000 605    float:t(0,14)=r(0,1);4;0;
650    LSYM   0      0      00000000 631    double:t(0,15)=r(0,1);8;0;
651    LSYM   0      0      00000000 658    long double:t(0,16)=r(0,1);12;0;
652    LSYM   0      0      00000000 691    _Float32:t(0,17)=r(0,1);4;0;
653    LSYM   0      0      00000000 720    _Float64:t(0,18)=r(0,1);8;0;
654    LSYM   0      0      00000000 749    _Float128:t(0,19)=r(0,1);16;0;
655    LSYM   0      0      00000000 780    _Float32x:t(0,20)=r(0,1);8;0;
656    LSYM   0      0      00000000 810    _Float64x:t(0,21)=r(0,1);12;0;
657    LSYM   0      0      00000000 841    void:t(0,22)=(0,22)
658    BINCL  0      0      00001ca6 4544   ./inc/stab.h
659    EXCL   0      0      000060d4 873    ./inc/types.h
660    LSYM   0      0      00000000 4557   Stab:T(1,1)=s12n_strx:(2,9),0,32;n_type:(2,5),32,8;n_other:(2,5),40,8;n_desc:(2,7),48,16;n_value:(2,13),64,32;;
661    EINCL  0      0      00000000 0      
662    EXCL   0      0      000008c7 2630   ./inc/memlayout.h
663    EXCL   0      0      000159c2 861    ./inc/mmu.h
664    EXCL   0      0      00000000 3087   ./inc/assert.h
665    EXCL   0      0      00000000 2806   ./inc/stdio.h
666    EXCL   0      0      00000650 2820   ./inc/stdarg.h
667    EXCL   0      0      0000300f 3804   ./kern/kdebug.h
668    FUN    0      0      f010097f 4669   stab_binsearch:f(0,22)
669    RSYM   0      0      00000000 4692   stabs:P(0,23)=*(1,1)
670    RSYM   0      0      00000002 4713   region_left:P(0,24)=*(0,1)
671    RSYM   0      0      00000001 4740   region_right:P(0,24)
672    PSYM   0      0      00000008 4761   type:p(0,1)
673    PSYM   0      0      0000000c 4773   addr:p(2,13)
674    SLINE  0      53     00000000 0      
675    SLINE  0      54     00000015 0      
676    SLINE  0      54     00000017 0      
677    SLINE  0      54     0000001c 0      
678    SLINE  0      56     00000023 0      
679    SLINE  0      63     00000025 0      
680    SLINE  0      64     00000028 0      
681    SLINE  0      69     0000002a 0      
682    SLINE  0      69     00000034 0      
683    SLINE  0      70     00000039 0      
684    SLINE  0      71     0000003e 0      
685    SLINE  0      68     00000041 0      
686    SLINE  0      56     00000048 0      
687    SLINE  0      57     0000004d 0      
688    SLINE  0      57     00000053 0      
689    SLINE  0      57     0000006a 0      
690    SLINE  0      60     0000006c 0      
691    SLINE  0      60     00000070 0      
692    SLINE  0      60     00000076 0      
693    SLINE  0      61     0000007a 0      
694    SLINE  0      72     0000007f 0      
695    SLINE  0      73     00000084 0      
696    SLINE  0      73     0000008a 0      
697    SLINE  0      68     0000008f 0      
698    SLINE  0      78     00000098 0      
699    SLINE  0      80     0000009d 0      
700    SLINE  0      68     000000a3 0      
701    SLINE  0      84     000000ac 0      
702    SLINE  0      85     000000b2 0      
703    SLINE  0      85     000000ba 0      
704    SLINE  0      94     000000bf 0      
705    SLINE  0      88     000000c7 0      
706    SLINE  0      89     000000cc 0      
707    SLINE  0      88     000000db 0      
708    SLINE  0      90     000000dd 0      
709    SLINE  0      88     000000e0 0      
710    SLINE  0      89     000000e4 0      
711    SLINE  0      89     000000ea 0      
712    SLINE  0      92     000000ee 0      
713    SLINE  0      94     000000f3 0      
714    RSYM   0      0      00000006 4786   type:r(0,1)
715    RSYM   0      0      00000000 4798   m:r(0,1)
716    LBRAC  0      0      00000025 0      
717    RBRAC  0      0      00000048 0      
718    RSYM   0      0      00000000 4798   m:r(0,1)
719    LBRAC  0      0      0000004d 0      
720    RBRAC  0      0      000000ac 0      
721    FUN    0      0      f0100a74 4807   debuginfo_eip:F(0,1)
722    PSYM   0      0      00000008 4773   addr:p(2,13)
723    PSYM   0      0      0000000c 4828   info:p(0,25)=*(8,1)
724    SLINE  0      106    00000000 0      
725    SLINE  0      112    0000000f 0      
726    SLINE  0      113    00000015 0      
727    SLINE  0      114    0000001c 0      
728    SLINE  0      115    00000023 0      
729    SLINE  0      116    0000002a 0      
730    SLINE  0      117    0000002d 0      
731    SLINE  0      120    00000034 0      
732    SLINE  0      131    00000040 0      
733    SLINE  0      131    00000050 0      
734    SLINE  0      140    0000005d 0      
735    SLINE  0      141    00000064 0      
736    SLINE  0      141    00000077 0      
737    SLINE  0      142    0000007d 0      
738    SLINE  0      143    00000093 0      
739    SLINE  0      143    00000096 0      
740    SLINE  0      148    000000a1 0      
741    SLINE  0      149    000000a4 0      
742    SLINE  0      150    000000aa 0      
743    SLINE  0      152    000000c0 0      
744    SLINE  0      152    000000c3 0      
745    SLINE  0      155    000000cb 0      
746    SLINE  0      155    000000d7 0      
747    SLINE  0      155    000000dd 0      
748    SLINE  0      155    000000e7 0      
749    SLINE  0      156    000000eb 0      
750    SLINE  0      157    000000f4 0      
751    SLINE  0      157    000000f7 0      
752    SLINE  0      170    000000fa 0      
753    SLINE  0      170    00000107 0      
754    SLINE  0      170    0000010a 0      
755    SLINE  0      189    0000010d 0      
756    SLINE  0      189    00000116 0      
757    SLINE  0      127    0000011b 0      
758    SLINE  0      165    0000012f 0      
759    SLINE  0      166    00000132 0      
760    SLINE  0      192    00000137 0      
761    SLINE  0      189    0000013d 0      
762    SLINE  0      190    00000141 0      
763    SLINE  0      190    00000148 0      
764    SLINE  0      191    0000014d 0      
765    SLINE  0      191    00000152 0      
766    SLINE  0      193    0000015b 0      
767    SLINE  0      193    00000165 0      
768    SLINE  0      193    0000016f 0      
769    SLINE  0      194    00000173 0      
770    SLINE  0      199    0000017b 0      
771    SLINE  0      205    00000181 0      
772    SLINE  0      199    00000186 0      
773    SLINE  0      200    0000018a 0      
774    SLINE  0      200    0000018d 0      
775    SLINE  0      203    0000018f 0      
776    SLINE  0      202    00000193 0      
777    SLINE  0      200    00000196 0      
778    SLINE  0      201    0000019a 0      
779    SLINE  0      201    0000019d 0      
780    SLINE  0      205    000001a7 0      
781    SLINE  0      132    000001ae 0      
782    SLINE  0      144    000001bc 0      
783    SLINE  0      205    000001c3 0      
784    SLINE  0      206    000001c8 0      
785    LSYM   0      0      fffffff4 4848   lfile:(0,1)
786    LSYM   0      0      fffffff0 4860   rfile:(0,1)
787    LSYM   0      0      ffffffec 4872   lfun:(0,1)
788    LSYM   0      0      ffffffe8 4883   rfun:(0,1)
789    RSYM   0      0      00000007 4894   addr:r(2,13)
790    RSYM   0      0      00000006 4907   info:r(0,25)
791    LBRAC  0      0      00000000 0      
792    RBRAC  0      0      000001d2 0      
793    SO     0      0      f0100c46 0      
794    SO     0      2      f0100c46 4920   lib/printfmt.c
795    OPT    0      0      00000000 49     gcc2_compiled.
796    LSYM   0      0      00000000 64     int:t(0,1)=r(0,1);-2147483648;2147483647;
797    LSYM   0      0      00000000 106    char:t(0,2)=r(0,2);0;127;
798    LSYM   0      0      00000000 132    long int:t(0,3)=r(0,3);-2147483648;2147483647;
799    LSYM   0      0      00000000 179    unsigned int:t(0,4)=r(0,4);0;4294967295;
800    LSYM   0      0      00000000 220    long unsigned int:t(0,5)=r(0,5);0;4294967295;
801    LSYM   0      0      00000000 266    __int128:t(0,6)=r(0,6);0;-1;
802    LSYM   0      0      00000000 295    __int128 unsigned:t(0,7)=r(0,7);0;-1;
803    LSYM   0      0      00000000 333    long long int:t(0,8)=r(0,8);-9223372036854775808;9223372036854775807;
804    LSYM   0      0      00000000 403    long long unsigned int:t(0,9)=r(0,9);0;-1;
805    LSYM   0      0      00000000 446    short int:t(0,10)=r(0,10);-32768;32767;
806    LSYM   0      0      00000000 486    short unsigned int:t(0,11)=r(0,11);0;65535;
807    LSYM   0      0      00000000 530    signed char:t(0,12)=r(0,12);-128;127;
808    LSYM   0      0      00000000 568    unsigned char:t(0,13)=r(0,13);0;255;
809    LSYM   0      0      00000000 605    float:t(0,14)=r(0,1);4;0;
810    LSYM   0      0      00000000 631    double:t(0,15)=r(0,1);8;0;
811    LSYM   0      0      00000000 658    long double:t(0,16)=r(0,1);12;0;
812    LSYM   0      0      00000000 691    _Float32:t(0,17)=r(0,1);4;0;
813    LSYM   0      0      00000000 720    _Float64:t(0,18)=r(0,1);8;0;
814    LSYM   0      0      00000000 749    _Float128:t(0,19)=r(0,1);16;0;
815    LSYM   0      0      00000000 780    _Float32x:t(0,20)=r(0,1);8;0;
816    LSYM   0      0      00000000 810    _Float64x:t(0,21)=r(0,1);12;0;
817    LSYM   0      0      00000000 841    void:t(0,22)=(0,22)
818    EXCL   0      0      000060d4 873    ./inc/types.h
819    EXCL   0      0      00000000 2806   ./inc/stdio.h
820    EXCL   0      0      00000650 2820   ./inc/stdarg.h
821    BINCL  0      0      00001a2c 4935   ./inc/error.h
822    LSYM   0      0      00000000 4949    :T(4,1)=eE_UNSPECIFIED:1,E_BAD_ENV:2,E_INVAL:3,E_NO_MEM:4,E_NO_FREE_ENV:5,E_FAULT:6,MAXERROR:7,;
823    EINCL  0      0      00000000 0      
824    LSYM   0      0      00000000 5047   sprintbuf:T(0,23)=s12buf:(3,2),0,32;ebuf:(3,2),32,32;cnt:(0,1),64,32;;
825    FUN    0      0      f0100c46 5118   printnum:f(0,22)
826    RSYM   0      0      00000007 5135   putch:P(0,24)=*(0,25)=f(0,22)
827    RSYM   0      0      00000006 5165   putdat:P(0,26)=*(0,22)
828    PSYM   0      0      00000008 5188   num:p(0,9)
829    PSYM   0      0      00000010 5199   base:p(0,4)
830    PSYM   0      0      00000014 5211   width:p(0,1)
831    PSYM   0      0      00000018 5224   padc:p(0,1)
832    SLINE  0      38     00000000 0      
833    SLINE  0      40     00000023 0      
834    SLINE  0      40     0000002d 0      
835    SLINE  0      41     00000034 0      
836    SLINE  0      45     00000066 0      
837    SLINE  0      44     00000072 0      
838    SLINE  0      49     00000079 0      
839    SLINE  0      49     0000007d 0      
840    SLINE  0      49     00000094 0      
841    SLINE  0      50     0000009e 0      
842    RSYM   0      0      00000000 5236   base:r(0,4)
843    RSYM   0      0      00000003 5248   width:r(0,1)
844    FUN    0      0      f0100cef 5261   sprintputch:f(0,22)
845    PSYM   0      0      00000008 4408   ch:p(0,1)
846    PSYM   0      0      0000000c 5281   b:p(0,27)=*(0,23)
847    SLINE  0      262    00000000 0      
848    SLINE  0      263    00000006 0      
849    SLINE  0      264    0000000a 0      
850    SLINE  0      264    0000000c 0      
851    SLINE  0      265    00000011 0      
852    SLINE  0      265    00000016 0      
853    SLINE  0      266    0000001b 0      
854    RSYM   0      0      00000000 5299   ch:r(0,1)
855    RSYM   0      0      00000000 5309   b:r(0,27)
856    FUN    0      0      f0100d0c 5319   printfmt:F(0,22)
857    PSYM   0      0      00000008 5336   putch:p(0,24)
858    PSYM   0      0      0000000c 5350   putdat:p(0,26)
859    PSYM   0      0      00000010 5365   fmt:p(0,28)=*(0,2)
860    SLINE  0      246    00000000 0      
861    SLINE  0      249    00000006 0      
862    SLINE  0      250    00000009 0      
863    SLINE  0      252    00000018 0      
864    FUN    0      0      f0100d29 5384   vprintfmt:F(0,22)
865    PSYM   0      0      00000008 5336   putch:p(0,24)
866    PSYM   0      0      0000000c 5350   putdat:p(0,26)
867    PSYM   0      0      00000010 5402   fmt:p(0,28)
868    PSYM   0      0      00000014 4472   ap:p(3,1)
869    SLINE  0      84     00000000 0      
870    SLINE  0      99     00000017 0      
871    SLINE  0      103    0000001b 0      
872    SLINE  0      101    00000022 0      
873    SLINE  0      100    00000029 0      
874    SLINE  0      102    00000030 0      
875    SLINE  0      105    00000035 0      
876    SLINE  0      105    0000003b 0      
877    SLINE  0      105    00000053 0      
878    SLINE  0      109    00000056 0      
879    SLINE  0      105    0000005c 0      
880    SLINE  0      105    00000065 0      
881    SLINE  0      105    00000068 0      
882    SLINE  0      127    0000006b 0      
883    SLINE  0      128    00000073 0      
884    SLINE  0      128    00000076 0      
885    SLINE  0      129    0000007a 0      
886    SLINE  0      130    0000007d 0      
887    SLINE  0      130    00000080 0      
888    SLINE  0      127    00000085 0      
889    SLINE  0      128    00000088 0      
890    SLINE  0      136    0000008a 0      
891    SLINE  0      105    0000009b 0      
892    SLINE  0      149    0000009e 0      
893    SLINE  0      150    000000a4 0      
894    SLINE  0      150    000000aa 0      
895    SLINE  0      105    000000c3 0      
896    SLINE  0      142    000000c6 0      
897    SLINE  0      105    000000cb 0      
898    SLINE  0      145    000000ce 0      
899    SLINE  0      146    000000d5 0      
900    SLINE  0      155    000000e2 0      
901    SLINE  0      105    000000e5 0      
902    SLINE  0      156    000000e8 0      
903    SLINE  0      160    000000ed 0      
904    SLINE  0      161    000000fb 0      
905    SLINE  0      160    000000fe 0      
906    SLINE  0      161    00000101 0      
907    SLINE  0      165    00000106 0      
908    SLINE  0      168    00000113 0      
909    SLINE  0      168    00000118 0      
910    SLINE  0      168    0000011f 0      
911    SLINE  0      171    00000123 0      
912    SLINE  0      165    00000133 0      
913    SLINE  0      169    0000013b 0      
914    SLINE  0      165    0000014b 0      
915    SLINE  0      169    0000014e 0      
916    SLINE  0      176    00000153 0      
917    SLINE  0      177    00000161 0      
918    SLINE  0      178    0000016e 0      
919    SLINE  0      179    0000017a 0      
920    SLINE  0      179    00000187 0      
921    SLINE  0      179    00000195 0      
922    SLINE  0      179    0000019d 0      
923    SLINE  0      179    000001a0 0      
924    SLINE  0      180    000001a2 0      
925    SLINE  0      179    000001a9 0      
926    SLINE  0      180    000001ad 0      
927    SLINE  0      179    000001b6 0      
928    SLINE  0      185    000001d2 0      
929    SLINE  0      181    000001e1 0      
930    SLINE  0      181    000001e4 0      
931    SLINE  0      181    000001e8 0      
932    SLINE  0      181    000001eb 0      
933    SLINE  0      181    000001ef 0      
934    SLINE  0      181    000001f5 0      
935    SLINE  0      182    000001fb 0      
936    SLINE  0      182    00000201 0      
937    SLINE  0      182    00000207 0      
938    SLINE  0      183    0000020c 0      
939    SLINE  0      187    0000021d 0      
940    SLINE  0      186    00000225 0      
941    SLINE  0      186    0000022b 0      
942    SLINE  0      176    0000022f 0      
943    SLINE  0      70     0000023e 0      
944    SLINE  0      72     00000243 0      
945    SLINE  0      73     00000247 0      
946    SLINE  0      71     0000025e 0      
947    SLINE  0      193    00000275 0      
948    SLINE  0      197    0000027b 0      
949    SLINE  0      193    00000280 0      
950    SLINE  0      194    00000288 0      
951    SLINE  0      195    00000290 0      
952    SLINE  0      195    0000029d 0      
953    SLINE  0      197    000002a0 0      
954    SLINE  0      75     000002aa 0      
955    SLINE  0      57     000002c1 0      
956    SLINE  0      59     000002c6 0      
957    SLINE  0      60     000002ca 0      
958    SLINE  0      203    000002da 0      
959    SLINE  0      60     000002df 0      
960    SLINE  0      58     000002e4 0      
961    SLINE  0      203    000002f2 0      
962    SLINE  0      58     000002f7 0      
963    SLINE  0      62     000002fc 0      
964    SLINE  0      203    0000030c 0      
965    SLINE  0      62     00000311 0      
966    SLINE  0      57     00000313 0      
967    SLINE  0      59     00000318 0      
968    SLINE  0      60     0000031c 0      
969    SLINE  0      210    0000032c 0      
970    SLINE  0      60     00000331 0      
971    SLINE  0      58     00000333 0      
972    SLINE  0      210    00000341 0      
973    SLINE  0      58     00000346 0      
974    SLINE  0      62     00000348 0      
975    SLINE  0      210    00000358 0      
976    SLINE  0      62     0000035d 0      
977    SLINE  0      214    0000035f 0      
978    SLINE  0      215    00000367 0      
979    SLINE  0      216    0000036f 0      
980    SLINE  0      219    00000379 0      
981    SLINE  0      217    0000037c 0      
982    SLINE  0      218    00000382 0      
983    SLINE  0      226    00000387 0      
984    SLINE  0      227    0000039e 0      
985    SLINE  0      176    000003a1 0      
986    SLINE  0      92     000003a4 0      
987    SLINE  0      92     000003a7 0      
988    SLINE  0      92     000003ab 0      
989    SLINE  0      93     000003b4 0      
990    SLINE  0      95     000003bc 0      
991    SLINE  0      57     000003c8 0      
992    SLINE  0      59     000003cd 0      
993    SLINE  0      60     000003d1 0      
994    SLINE  0      224    000003e1 0      
995    SLINE  0      60     000003e6 0      
996    SLINE  0      58     000003e8 0      
997    SLINE  0      224    000003f6 0      
998    SLINE  0      58     000003fb 0      
999    SLINE  0      62     000003fd 0      
1000   SLINE  0      224    0000040d 0      
1001   SLINE  0      62     00000412 0      
1002   SLINE  0      231    00000417 0      
1003   SLINE  0      232    0000041f 0      
1004   SLINE  0      236    00000427 0      
1005   SLINE  0      237    0000042f 0      
1006   SLINE  0      237    00000434 0      
1007   SLINE  0      237    0000043a 0      
1008   SLINE  0      242    00000447 0      
1009   RSYM   0      0      00000002 5414   num:r(0,9)
1010   RSYM   0      0      00000000 5425   base:r(0,1)
1011   RSYM   0      0      00000001 5437   lflag:r(0,1)
1012   RSYM   0      0      00000006 5450   putch:r(0,24)
1013   RSYM   0      0      00000003 5464   putdat:r(0,26)
1014   RSYM   0      0      00000007 5479   fmt:r(0,28)
1015   LBRAC  0      0      00000000 0      
1016   RBRAC  0      0      0000044f 0      
1017   FUN    0      0      f0101178 5491   vsnprintf:F(0,1)
1018   PSYM   0      0      00000008 5508   buf:p(3,2)
1019   PSYM   0      0      0000000c 5519   n:p(0,1)
1020   PSYM   0      0      00000010 5402   fmt:p(0,28)
1021   PSYM   0      0      00000014 4472   ap:p(3,1)
1022   SLINE  0      270    00000000 0      
1023   SLINE  0      271    0000000c 0      
1024   SLINE  0      271    0000000f 0      
1025   SLINE  0      271    00000016 0      
1026   SLINE  0      273    0000001d 0      
1027   SLINE  0      277    00000025 0      
1028   SLINE  0      280    00000039 0      
1029   SLINE  0      280    0000003c 0      
1030   SLINE  0      282    0000003f 0      
1031   SLINE  0      283    00000045 0      
1032   SLINE  0      274    00000047 0      
1033   LSYM   0      0      ffffffec 5528   b:(0,23)
1034   RSYM   0      0      00000000 5537   buf:r(3,2)
1035   RSYM   0      0      00000002 5548   n:r(0,1)
1036   LBRAC  0      0      00000000 0      
1037   RBRAC  0      0      0000004e 0      
1038   FUN    0      0      f01011c6 5557   snprintf:F(0,1)
1039   PSYM   0      0      00000008 5508   buf:p(3,2)
1040   PSYM   0      0      0000000c 5519   n:p(0,1)
1041   PSYM   0      0      00000010 5402   fmt:p(0,28)
1042   SLINE  0      287    00000000 0      
1043   SLINE  0      291    00000006 0      
1044   SLINE  0      292    00000009 0      
1045   SLINE  0      296    00000018 0      
1046   RSYM   0      0      00000000 5573   rc:r(0,1)
1047   LBRAC  0      0      00000000 0      
1048   RBRAC  0      0      0000001a 0      
1049   STSYM  0      0      f0102070 5583   error_string:S(0,29)=ar(0,30)=r(0,30);0;4294967295;;0;6;(0,28)
1050   SO     0      0      f01011e0 0      
1051   SO     0      2      f01011e0 5646   lib/readline.c
1052   OPT    0      0      00000000 49     gcc2_compiled.
1053   LSYM   0      0      00000000 64     int:t(0,1)=r(0,1);-2147483648;2147483647;
1054   LSYM   0      0      00000000 106    char:t(0,2)=r(0,2);0;127;
1055   LSYM   0      0      00000000 132    long int:t(0,3)=r(0,3);-2147483648;2147483647;
1056   LSYM   0      0      00000000 179    unsigned int:t(0,4)=r(0,4);0;4294967295;
1057   LSYM   0      0      00000000 220    long unsigned int:t(0,5)=r(0,5);0;4294967295;
1058   LSYM   0      0      00000000 266    __int128:t(0,6)=r(0,6);0;-1;
1059   LSYM   0      0      00000000 295    __int128 unsigned:t(0,7)=r(0,7);0;-1;
1060   LSYM   0      0      00000000 333    long long int:t(0,8)=r(0,8);-9223372036854775808;9223372036854775807;
1061   LSYM   0      0      00000000 403    long long unsigned int:t(0,9)=r(0,9);0;-1;
1062   LSYM   0      0      00000000 446    short int:t(0,10)=r(0,10);-32768;32767;
1063   LSYM   0      0      00000000 486    short unsigned int:t(0,11)=r(0,11);0;65535;
1064   LSYM   0      0      00000000 530    signed char:t(0,12)=r(0,12);-128;127;
1065   LSYM   0      0      00000000 568    unsigned char:t(0,13)=r(0,13);0;255;
1066   LSYM   0      0      00000000 605    float:t(0,14)=r(0,1);4;0;
1067   LSYM   0      0      00000000 631    double:t(0,15)=r(0,1);8;0;
1068   LSYM   0      0      00000000 658    long double:t(0,16)=r(0,1);12;0;
1069   LSYM   0      0      00000000 691    _Float32:t(0,17)=r(0,1);4;0;
1070   LSYM   0      0      00000000 720    _Float64:t(0,18)=r(0,1);8;0;
1071   LSYM   0      0      00000000 749    _Float128:t(0,19)=r(0,1);16;0;
1072   LSYM   0      0      00000000 780    _Float32x:t(0,20)=r(0,1);8;0;
1073   LSYM   0      0      00000000 810    _Float64x:t(0,21)=r(0,1);12;0;
1074   LSYM   0      0      00000000 841    void:t(0,22)=(0,22)
1075   EXCL   0      0      00000000 2806   ./inc/stdio.h
1076   EXCL   0      0      00000650 2820   ./inc/stdarg.h
1077   EXCL   0      0      00001a2c 4935   ./inc/error.h
1078   FUN    0      0      f01011e0 5661   readline:F(2,2)
1079   PSYM   0      0      00000008 5677   prompt:p(0,23)=*(0,2)
1080   SLINE  0      9      00000000 0      
1081   SLINE  0      12     0000000c 0      
1082   SLINE  0      13     00000010 0      
1083   SLINE  0      16     00000021 0      
1084   SLINE  0      15     00000030 0      
1085   SLINE  0      20     00000037 0      
1086   SLINE  0      21     00000045 0      
1087   SLINE  0      37     0000004d 0      
1088   SLINE  0      23     00000055 0      
1089   SLINE  0      25     00000059 0      
1090   SLINE  0      24     0000005e 0      
1091   SLINE  0      28     0000006d 0      
1092   SLINE  0      29     00000079 0      
1093   SLINE  0      29     0000007f 0      
1094   SLINE  0      18     00000082 0      
1095   SLINE  0      19     00000089 0      
1096   SLINE  0      22     0000008d 0      
1097   SLINE  0      22     00000093 0      
1098   SLINE  0      22     00000099 0      
1099   SLINE  0      26     000000a1 0      
1100   SLINE  0      27     000000ae 0      
1101   SLINE  0      30     000000b4 0      
1102   SLINE  0      31     000000be 0      
1103   SLINE  0      33     000000c2 0      
1104   SLINE  0      34     000000c9 0      
1105   SLINE  0      32     000000d3 0      
1106   RSYM   0      0      00000003 3172   c:r(0,1)
1107   RSYM   0      0      00000007 5699   echoing:r(0,1)
1108   RSYM   0      0      00000000 5714   prompt:r(0,23)
1109   LBRAC  0      0      00000000 0      
1110   RBRAC  0      0      000000e2 0      
1111   LCSYM  0      0      f0112540 5729   buf:S(0,24)=ar(0,25)=r(0,25);0;4294967295;;0;1023;(0,2)
1112   SO     0      0      f01012c2 0      
1113   SO     0      2      f01012c2 5785   lib/string.c
1114   OPT    0      0      00000000 49     gcc2_compiled.
1115   LSYM   0      0      00000000 64     int:t(0,1)=r(0,1);-2147483648;2147483647;
1116   LSYM   0      0      00000000 106    char:t(0,2)=r(0,2);0;127;
1117   LSYM   0      0      00000000 132    long int:t(0,3)=r(0,3);-2147483648;2147483647;
1118   LSYM   0      0      00000000 179    unsigned int:t(0,4)=r(0,4);0;4294967295;
1119   LSYM   0      0      00000000 220    long unsigned int:t(0,5)=r(0,5);0;4294967295;
1120   LSYM   0      0      00000000 266    __int128:t(0,6)=r(0,6);0;-1;
1121   LSYM   0      0      00000000 295    __int128 unsigned:t(0,7)=r(0,7);0;-1;
1122   LSYM   0      0      00000000 333    long long int:t(0,8)=r(0,8);-9223372036854775808;9223372036854775807;
1123   LSYM   0      0      00000000 403    long long unsigned int:t(0,9)=r(0,9);0;-1;
1124   LSYM   0      0      00000000 446    short int:t(0,10)=r(0,10);-32768;32767;
1125   LSYM   0      0      00000000 486    short unsigned int:t(0,11)=r(0,11);0;65535;
1126   LSYM   0      0      00000000 530    signed char:t(0,12)=r(0,12);-128;127;
1127   LSYM   0      0      00000000 568    unsigned char:t(0,13)=r(0,13);0;255;
1128   LSYM   0      0      00000000 605    float:t(0,14)=r(0,1);4;0;
1129   LSYM   0      0      00000000 631    double:t(0,15)=r(0,1);8;0;
1130   LSYM   0      0      00000000 658    long double:t(0,16)=r(0,1);12;0;
1131   LSYM   0      0      00000000 691    _Float32:t(0,17)=r(0,1);4;0;
1132   LSYM   0      0      00000000 720    _Float64:t(0,18)=r(0,1);8;0;
1133   LSYM   0      0      00000000 749    _Float128:t(0,19)=r(0,1);16;0;
1134   LSYM   0      0      00000000 780    _Float32x:t(0,20)=r(0,1);8;0;
1135   LSYM   0      0      00000000 810    _Float64x:t(0,21)=r(0,1);12;0;
1136   LSYM   0      0      00000000 841    void:t(0,22)=(0,22)
1137   EXCL   0      0      00000000 2863   ./inc/string.h
1138   EXCL   0      0      000060d4 873    ./inc/types.h
1139   FUN    0      0      f01012c2 5798   strlen:F(0,1)
1140   PSYM   0      0      00000008 5812   s:p(0,23)=*(0,2)
1141   SLINE  0      13     00000000 0      
1142   SLINE  0      16     00000006 0      
1143   SLINE  0      16     0000000b 0      
1144   SLINE  0      17     00000011 0      
1145   SLINE  0      19     00000016 0      
1146   RSYM   0      0      00000000 5548   n:r(0,1)
1147   RSYM   0      0      00000002 5829   s:r(0,23)
1148   LBRAC  0      0      00000000 0      
1149   RBRAC  0      0      00000018 0      
1150   FUN    0      0      f01012da 5839   strnlen:F(0,1)
1151   PSYM   0      0      00000008 5854   s:p(0,23)
1152   PSYM   0      0      0000000c 5864   size:p(2,16)
1153   SLINE  0      23     00000000 0      
1154   SLINE  0      26     00000009 0      
1155   SLINE  0      26     0000000e 0      
1156   SLINE  0      26     00000012 0      
1157   SLINE  0      27     00000018 0      
1158   SLINE  0      29     0000001f 0      
1159   RSYM   0      0      00000001 5829   s:r(0,23)
1160   FUN    0      0      f01012fd 5877   strcpy:F(0,24)=*(0,2)
1161   PSYM   0      0      00000008 5899   dst:p(0,24)
1162   PSYM   0      0      0000000c 5911   src:p(0,23)
1163   SLINE  0      33     00000000 0      
1164   SLINE  0      37     0000000a 0      
1165   SLINE  0      37     0000000f 0      
1166   SLINE  0      37     00000013 0      
1167   SLINE  0      37     00000019 0      
1168   SLINE  0      40     0000001d 0      
1169   RSYM   0      0      00000001 5923   dst:r(0,24)
1170   RSYM   0      0      00000003 5935   src:r(0,23)
1171   FUN    0      0      f010131f 5947   strcat:F(0,24)
1172   PSYM   0      0      00000008 5899   dst:p(0,24)
1173   PSYM   0      0      0000000c 5911   src:p(0,23)
1174   SLINE  0      44     00000000 0      
1175   SLINE  0      45     0000000a 0      
1176   SLINE  0      46     00000013 0      
1177   SLINE  0      48     0000001e 0      
1178   RSYM   0      0      00000003 5923   dst:r(0,24)
1179   FUN    0      0      f0101344 5962   strncpy:F(0,24)
1180   PSYM   0      0      00000008 5899   dst:p(0,24)
1181   PSYM   0      0      0000000c 5911   src:p(0,23)
1182   PSYM   0      0      00000010 5864   size:p(2,16)
1183   SLINE  0      51     00000000 0      
1184   SLINE  0      56     00000010 0      
1185   SLINE  0      56     00000012 0      
1186   SLINE  0      57     00000016 0      
1187   SLINE  0      57     00000019 0      
1188   SLINE  0      57     0000001c 0      
1189   SLINE  0      60     0000001f 0      
1190   SLINE  0      63     00000027 0      
1191   RSYM   0      0      00000006 5923   dst:r(0,24)
1192   RSYM   0      0      00000002 5935   src:r(0,23)
1193   FUN    0      0      f0101371 5978   strlcpy:F(2,16)
1194   PSYM   0      0      00000008 5899   dst:p(0,24)
1195   PSYM   0      0      0000000c 5911   src:p(0,23)
1196   PSYM   0      0      00000010 5864   size:p(2,16)
1197   SLINE  0      67     00000000 0      
1198   SLINE  0      71     00000010 0      
1199   SLINE  0      72     0000001a 0      
1200   SLINE  0      72     0000001e 0      
1201   SLINE  0      72     00000021 0      
1202   SLINE  0      73     00000025 0      
1203   SLINE  0      73     00000028 0      
1204   SLINE  0      73     0000002b 0      
1205   SLINE  0      74     00000032 0      
1206   SLINE  0      76     00000035 0      
1207   SLINE  0      77     00000037 0      
1208   RSYM   0      0      00000006 5923   dst:r(0,24)
1209   RSYM   0      0      00000001 5935   src:r(0,23)
1210   RSYM   0      0      00000002 5994   size:r(2,16)
1211   FUN    0      0      f01013ac 6007   strcmp:F(0,1)
1212   PSYM   0      0      00000008 6021   p:p(0,23)
1213   PSYM   0      0      0000000c 6031   q:p(0,23)
1214   SLINE  0      81     00000000 0      
1215   SLINE  0      82     00000009 0      
1216   SLINE  0      82     0000000c 0      
1217   SLINE  0      82     00000010 0      
1218   SLINE  0      83     00000014 0      
1219   SLINE  0      83     00000017 0      
1220   SLINE  0      84     0000001c 0      
1221   SLINE  0      84     0000001f 0      
1222   SLINE  0      84     00000022 0      
1223   SLINE  0      85     00000024 0      
1224   RSYM   0      0      00000001 6041   p:r(0,23)
1225   RSYM   0      0      00000002 6051   q:r(0,23)
1226   FUN    0      0      f01013d2 6061   strncmp:F(0,1)
1227   PSYM   0      0      00000008 6021   p:p(0,23)
1228   PSYM   0      0      0000000c 6031   q:p(0,23)
1229   PSYM   0      0      00000010 6076   n:p(2,16)
1230   SLINE  0      89     00000000 0      
1231   SLINE  0      90     0000000f 0      
1232   SLINE  0      91     00000011 0      
1233   SLINE  0      91     00000014 0      
1234   SLINE  0      90     00000017 0      
1235   SLINE  0      90     0000001b 0      
1236   SLINE  0      90     0000001e 0      
1237   SLINE  0      90     00000022 0      
1238   SLINE  0      95     00000026 0      
1239   SLINE  0      95     00000029 0      
1240   SLINE  0      95     0000002c 0      
1241   SLINE  0      96     0000002e 0      
1242   SLINE  0      93     00000031 0      
1243   RSYM   0      0      00000000 6041   p:r(0,23)
1244   RSYM   0      0      00000002 6051   q:r(0,23)
1245   FUN    0      0      f010140a 6086   strchr:F(0,24)
1246   PSYM   0      0      00000008 5854   s:p(0,23)
1247   PSYM   0      0      0000000c 3392   c:p(0,1)
1248   SLINE  0      102    00000000 0      
1249   SLINE  0      103    0000000a 0      
1250   SLINE  0      103    0000000d 0      
1251   SLINE  0      104    00000011 0      
1252   SLINE  0      103    00000015 0      
1253   SLINE  0      106    0000001a 0      
1254   SLINE  0      107    0000001f 0      
1255   RSYM   0      0      00000000 5829   s:r(0,23)
1256   RSYM   0      0      00000001 6101   c:r(0,2)
1257   FUN    0      0      f010142b 6110   strfind:F(0,24)
1258   PSYM   0      0      00000008 5854   s:p(0,23)
1259   PSYM   0      0      0000000c 3392   c:p(0,1)
1260   SLINE  0      113    00000000 0      
1261   SLINE  0      114    0000000a 0      
1262   SLINE  0      115    0000000d 0      
1263   SLINE  0      114    00000015 0      
1264   SLINE  0      118    0000001a 0      
1265   RSYM   0      0      00000000 5829   s:r(0,23)
1266   RSYM   0      0      00000001 6101   c:r(0,2)
1267   FUN    0      0      f0101447 6126   memset:F(0,25)=*(0,22)
1268   PSYM   0      0      00000008 6149   v:p(0,25)
1269   PSYM   0      0      0000000c 3392   c:p(0,1)
1270   PSYM   0      0      00000010 6076   n:p(2,16)
1271   SLINE  0      123    00000000 0      
1272   SLINE  0      126    0000000c 0      
1273   SLINE  0      128    00000010 0      
1274   SLINE  0      129    00000018 0      
1275   SLINE  0      130    0000001c 0      
1276   SLINE  0      130    00000021 0      
1277   SLINE  0      130    00000026 0      
1278   SLINE  0      130    0000002b 0      
1279   SLINE  0      130    0000002f 0      
1280   SLINE  0      132    00000031 0      
1281   SLINE  0      131    00000034 0      
1282   SLINE  0      135    0000003b 0      
1283   SLINE  0      139    00000041 0      
1284   RSYM   0      0      00000007 6159   v:r(0,25)
1285   RSYM   0      0      00000001 6169   n:r(2,16)
1286   FUN    0      0      f010148f 6179   memmove:F(0,25)
1287   PSYM   0      0      00000008 6195   dst:p(0,25)
1288   PSYM   0      0      0000000c 6207   src:p(0,26)=*(0,22)
1289   PSYM   0      0      00000010 6076   n:p(2,16)
1290   SLINE  0      143    00000000 0      
1291   SLINE  0      149    0000000e 0      
1292   SLINE  0      149    00000012 0      
1293   SLINE  0      149    00000015 0      
1294   SLINE  0      151    00000019 0      
1295   SLINE  0      152    0000001c 0      
1296   SLINE  0      154    0000002a 0      
1297   SLINE  0      154    0000002d 0      
1298   SLINE  0      154    00000030 0      
1299   SLINE  0      153    00000033 0      
1300   SLINE  0      157    00000038 0      
1301   SLINE  0      157    0000003b 0      
1302   SLINE  0      156    0000003e 0      
1303   SLINE  0      159    00000041 0      
1304   SLINE  0      161    00000044 0      
1305   SLINE  0      163    0000004f 0      
1306   SLINE  0      162    00000052 0      
1307   SLINE  0      165    00000059 0      
1308   SLINE  0      169    0000005e 0      
1309   RSYM   0      0      00000007 6227   d:r(0,24)
1310   RSYM   0      0      00000000 6237   dst:r(0,25)
1311   RSYM   0      0      00000006 6249   src:r(0,26)
1312   RSYM   0      0      00000001 6169   n:r(2,16)
1313   LBRAC  0      0      00000000 0      
1314   RBRAC  0      0      00000062 0      
1315   FUN    0      0      f01014f1 6261   memcpy:F(0,25)
1316   PSYM   0      0      00000008 6195   dst:p(0,25)
1317   PSYM   0      0      0000000c 6276   src:p(0,26)
1318   PSYM   0      0      00000010 6076   n:p(2,16)
1319   SLINE  0      210    00000000 0      
1320   SLINE  0      211    00000006 0      
1321   SLINE  0      212    00000014 0      
1322   FUN    0      0      f0101507 6288   memcmp:F(0,1)
1323   PSYM   0      0      00000008 6302   v1:p(0,26)
1324   PSYM   0      0      0000000c 6313   v2:p(0,26)
1325   PSYM   0      0      00000010 6076   n:p(2,16)
1326   SLINE  0      216    00000000 0      
1327   SLINE  0      220    00000010 0      
1328   SLINE  0      221    00000014 0      
1329   SLINE  0      221    00000017 0      
1330   SLINE  0      221    0000001a 0      
1331   SLINE  0      223    0000001e 0      
1332   SLINE  0      223    00000021 0      
1333   SLINE  0      222    00000026 0      
1334   SLINE  0      222    00000029 0      
1335   SLINE  0      222    0000002c 0      
1336   SLINE  0      226    00000030 0      
1337   SLINE  0      227    00000035 0      
1338   RSYM   0      0      00000000 6324   s1:r(0,27)=*(2,5)
1339   RSYM   0      0      00000002 6342   s2:r(0,27)
1340   RSYM   0      0      00000000 6353   v1:r(0,26)
1341   RSYM   0      0      00000002 6364   v2:r(0,26)
1342   LBRAC  0      0      00000000 0      
1343   RBRAC  0      0      00000039 0      
1344   FUN    0      0      f0101540 6375   memfind:F(0,25)
1345   PSYM   0      0      00000008 6391   s:p(0,26)
1346   PSYM   0      0      0000000c 3392   c:p(0,1)
1347   PSYM   0      0      00000010 6076   n:p(2,16)
1348   SLINE  0      231    00000000 0      
1349   SLINE  0      232    00000009 0      
1350   SLINE  0      233    0000000e 0      
1351   SLINE  0      234    00000012 0      
1352   SLINE  0      233    00000016 0      
1353   SLINE  0      237    0000001b 0      
1354   RSYM   0      0      00000002 6401   ends:r(0,26)
1355   RSYM   0      0      00000000 6414   s:r(0,26)
1356   RSYM   0      0      00000001 3172   c:r(0,1)
1357   LBRAC  0      0      00000000 0      
1358   RBRAC  0      0      0000001d 0      
1359   FUN    0      0      f010155d 6424   strtol:F(0,3)
1360   PSYM   0      0      00000008 5854   s:p(0,23)
1361   PSYM   0      0      0000000c 6438   endptr:p(0,28)=*(0,24)
1362   PSYM   0      0      00000010 6461   base:p(0,1)
1363   SLINE  0      241    00000000 0      
1364   SLINE  0      246    0000000c 0      
1365   SLINE  0      247    0000000e 0      
1366   SLINE  0      246    00000011 0      
1367   SLINE  0      246    00000014 0      
1368   SLINE  0      250    0000001c 0      
1369   SLINE  0      242    00000020 0      
1370   SLINE  0      252    00000025 0      
1371   SLINE  0      256    00000029 0      
1372   SLINE  0      256    00000031 0      
1373   SLINE  0      261    00000036 0      
1374   SLINE  0      251    0000004a 0      
1375   SLINE  0      242    0000004d 0      
1376   SLINE  0      253    00000054 0      
1377   SLINE  0      253    00000057 0      
1378   SLINE  0      256    0000005e 0      
1379   SLINE  0      258    00000064 0      
1380   SLINE  0      259    00000068 0      
1381   SLINE  0      259    0000006b 0      
1382   SLINE  0      259    00000070 0      
1383   SLINE  0      257    00000072 0      
1384   SLINE  0      257    00000075 0      
1385   SLINE  0      257    0000007a 0      
1386   SLINE  0      268    0000007c 0      
1387   SLINE  0      268    0000007f 0      
1388   SLINE  0      275    00000082 0      
1389   SLINE  0      277    00000087 0      
1390   SLINE  0      277    0000008a 0      
1391   SLINE  0      277    0000008e 0      
1392   SLINE  0      267    00000090 0      
1393   SLINE  0      267    00000093 0      
1394   SLINE  0      267    00000096 0      
1395   SLINE  0      269    0000009d 0      
1396   SLINE  0      269    000000a0 0      
1397   SLINE  0      270    000000a7 0      
1398   SLINE  0      270    000000aa 0      
1399   SLINE  0      271    000000af 0      
1400   SLINE  0      271    000000b2 0      
1401   SLINE  0      272    000000b9 0      
1402   SLINE  0      272    000000bc 0      
1403   SLINE  0      281    000000c1 0      
1404   SLINE  0      282    000000c7 0      
1405   SLINE  0      283    000000cc 0      
1406   SLINE  0      284    000000d5 0      
1407   RSYM   0      0      00000007 6473   neg:r(0,1)
1408   RSYM   0      0      00000000 6484   val:r(0,3)
1409   RSYM   0      0      00000001 5829   s:r(0,23)
1410   RSYM   0      0      00000003 5425   base:r(0,1)
1411   LBRAC  0      0      00000000 0      
1412   RSYM   0      0      00000002 6495   dig:r(0,1)
1413   LBRAC  0      0      0000007c 0      
1414   RBRAC  0      0      000000c1 0      
1415   RBRAC  0      0      000000da 0      
1416   SO     0      0      f0101637 0      

